     0
    16
    48
   -52
  -172
   -20
  1120
  -668
  -348
   211
   -13
   676
 -1254
  -184
  1019
  -141
  -246
  -107
   150
  -120
   630
  -312
  -200
  1715
  -871
   -51
   748
 -1150
   541
  -317
 -1054
   850
   911
  -554
  -577
    82
   467
   384
 -1349
  1237
   725
 -1308
   374
    24
  -165
  -900
   588
   951
 -1554
  1775
 -1309
    95
   629
  -384
  1290
 -1287
   231
  1369
 -1913
   909
    10
  -912
   909
  -372
   329
  -791
   465
  -869
   773
   538
  -930
   627
  -820
   908
  -651
   606
   757
  -969
   972
    58
   -53
  -694
   -97
   120
   155
  -351
   -35
   177
  -145
   -25
   -48
   -98
   142
   540
  -390
   709
   369
 -1082
  1120
 -1069
  -307
   442
 -1532
  1211
   806
 -1462
   121
   688
  -948
   319
   576
  -341
   553
  -526
   181
   142
  -436
   704
 -1284
   991
   453
  -763
   254
  -579
   942
   -63
  -504
   633
   482
  -585
  -502
  1465
  -947
 -1010
   525
  -812
   187
   334
 -1385
  1117
  -770
 -1003
  1830
 -1945
  1415
   511
  -696
  1614
 -1666
  2046
  -477
 -1171
  1213
 -1282
  1069
  -726
  -797
  1837
 -1771
   325
   704
 -1328
  1470
   -22
  -628
  1373
  -587
  -198
  -115
   607
 -1062
   911
   855
 -1076
  1089
    40
  -406
   150
  -354
  1552
 -1525
  1217
  -156
   -75
   -62
  -235
   318
   103
   752
  -671
   851
   984
 -1430
   447
   -67
   104
  -184
 -1412
  1342
  -164
  -653
  1318
  -503
   135
   222
  -713
  1372
  -381
 -1304
  2067
 -1411
  -502
  1529
 -2034
    14
  -124
   231
   694
  -866
   499
   655
  -501
   216
   142
  -186
  -259
   403
   -14
  -753
   867
   307
 -1497
  1429
  -534
  -445
  1517
 -1372
   953
   786
   -30
  -717
   -55
   593
  -102
 -1007
   308
   711
  -136
 -1104
   696
  1056
 -2519
  1287
   612
 -1100
   102
   153
   585
 -1269
   -63
   302
  -185
    41
  -782
  1184
   118
 -1199
  1510
   255
  -686
   623
 -1073
  1421
  -836
   354
  -782
  -239
   909
  -991
   355
  -277
   632
  -621
 -1042
  2622
 -1478
 -1041
  1295
  -295
  -888
    63
   197
   605
 -1036
   204
   669
  -305
  -458
  1240
 -1117
   578
    31
  -770
   485
  -284
   679
  -197
   320
  -241
  -571
  1344
 -1088
   274
   206
  -443
  -941
   466
  -234
    27
   341
   129
   362
    45
  -824
  1052
   978
 -1319
  1502
   452
 -1137
   973
  -741
  1316
  -895
   492
   888
  -441
    71
  -359
   145
   374
   465
 -1505
   993
  1113
 -2341
  2305
 -1375
  -237
   397
  -219
  -545
   524
    39
 -1828
  1319
   318
 -1471
   -40
  1011
  -115
 -1760
  1881
  -816
  -365
    31
  1165
 -1176
   395
   951
 -1997
  1814
   276
 -1360
   815
   237
  -360
   320
  1207
 -1480
   107
  1354
  -768
  -993
  1427
    51
 -1502
  1643
  -429
 -1952
  1175
  -233
  -196
     0
     9
   686
 -1212
    99
   533
  -902
   629
  -522
  1133
 -1240
  -612
  1598
 -2095
  1322
   294
  -698
  1177
  -305
   676
  -131
 -1057
   812
   864
 -1424
    -2
  1812
 -1461
 -1400
  1404
  -140
  -238
   669
   132
  1023
 -1474
   446
    63
  -226
   571
  -750
   809
   430
  -575
   446
   441
   -77
   301
  -441
   249
  -260
   -28
   677
 -1458
  1302
  -581
   329
   -80
   335
  1035
 -1284
   344
   870
  1009
 -2112
    75
  1200
 -1538
   784
   179
   310
   743
 -1316
   896
   755
 -2006
  1398
  -162
   178
   387
  -846
  -178
  -172
   926
  -981
   767
  -182
  -141
   911
  -684
   383
   239
  -335
   158
   399
   740
  -736
   116
  1411
   -53
 -1117
   692
  -148
  -810
  1362
   727
 -1144
   498
  -159
  -985
   993
    23
   157
   849
  -670
  1375
   187
  -795
   527
   360
  -718
   822
  -204
   -27
 -1019
  1104
  -364
  -286
  1132
 -1174
    23
   758
  -861
   828
   609
 -1163
   475
  -219
   411
 -1205
   343
  1674
 -2500
  1920
   917
 -1063
  -256
  1317
 -1096
   390
   701
 -1829
  1466
  -400
  -376
    86
   686
 -1074
   793
  -407
  -823
  2105
 -1975
   986
   680
  -770
  -510
   -55
   669
 -1242
   516
  -241
   463
  -742
   718
  -277
  -819
   735
  -359
  -758
   575
   625
    85
  -313
   483
   304
 -1188
   985
  -361
   -19
  1337
 -1817
   243
   236
 -1035
  -199
   943
   121
   591
    83
  -535
   186
   773
  -942
  -755
  2149
  -232
 -1920
   969
   144
  -755
   -43
    36
  1146
   509
  -959
  -386
  1277
  -402
 -1115
    52
  1042
  -863
  -500
   384
   131
  -434
  -219
  -663
   773
   299
 -1326
  1431
  -774
   128
   759
 -1372
  1509
   329
  -858
   361
   745
   345
  -803
   414
   -37
    58
   478
 -1753
  2444
  -408
 -1087
  2223
 -1488
   533
  -964
   967
   438
  -707
   610
  -425
   197
    14
   541
  -584
   515
   618
  -912
    67
   233
   372
  -548
  -297
  -302
  -182
  -409
    51
   686
  -537
  -648
   670
   368
 -2148
  1751
  -486
  -821
  1484
 -1038
  1143
 -1154
   119
  1183
 -2129
   389
   520
   -55
  -559
   547
  -708
   375
  -695
  -417
   518
   -28
  -345
    94
   199
  -206
   558
  -358
  -331
   979
    91
 -1535
  1059
  1623
 -1531
   -45
  -241
  -806
  -171
   370
   189
   487
  -384
  -332
    34
   165
    17
   556
   927
  -665
   385
   -29
  -655
    12
  -189
   493
   911
 -1765
  -211
  1406
 -1867
   877
   131
  -191
  1157
  -896
  -224
   900
   528
 -1335
   720
     4
  -219
   458
  -493
    20
   798
  -619
  -522
   722
  -755
   476
   391
   -34
   295
   679
 -1514
   174
   -38
   300
  1405
 -1794
  1066
  -466
 -1055
  1149
 -1070
  1511
   219
  -396
  -509
  1231
  -558
  -201
   800
    66
    33
  -519
   499
  -395
  -873
  1375
   244
  -690
  -103
  1037
  -957
  -526
   473
  1039
  -194
 -1148
  1143
   303
  -101
  -556
  -459
  1354
  -289
  -526
   738
   234
  -625
   402
   215
  -166
  -430
   581
   134
    79
  -246
  -192
   325
   179
   -24
  -176
  -426
    59
  -225
  -176
   551
  -204
    95
  -220
    43
   -42
  -715
  1013
   -39
  -321
   147
  -179
  -583
 -1129
  1297
   129
 -1848
  1910
 -1254
   -79
   766
  -782
   908
  -219
   368
    75
   383
  -511
  -102
   446
  -447
   106
   149
  -252
 -1209
  1415
 -1182
  -383
  1919
 -1447
   464
   130
   428
   486
    35
   432
  -241
  1277
 -2013
   617
  2168
 -2004
   639
   897
   154
 -1591
   685
  1330
  -778
   557
  -369
  1267
 -1069
 -1104
  1301
   276
  -327
  -486
   658
  -631
  -145
     0
   656
   362
 -1041
  1475
   224
  -857
   316
   -12
    42
   477
  -187
    28
   686
 -1286
   -13
  1467
 -1591
  1515
   452
 -1264
  1767
  -824
 -1784
  2092
   275
  -129
   374
   675
  -312
   175
  -146
  -155
   331
  -195
   927
  -810
   128
   970
 -2446
  1161
  1308
 -2083
  1363
  1410
 -1486
  1224
 -1017
   232
   229
 -1421
   736
  1018
 -1217
  -170
   600
  -970
   689
  -362
   156
   -25
   255
  -194
   456
   -57
 -1710
  1837
 -1008
    50
   714
 -1324
   966
   119
 -1359
   821
   961
 -2009
   735
  1733
 -2265
   631
   254
 -2167
  1734
  -147
 -1866
  1535
  -749
  -720
   544
   230
   -73
   296
  -356
   735
  -244
  -741
  1579
  -934
  -589
  1430
 -1255
 -1026
  1034
  -607
   295
  -192
   -87
   500
  -891
   -47
   112
   176
  -120
   120
   128
  -376
  -192
  -280
     x
