0
0
0
0
0
0
0
0
0
0
0
0
0
0
0
246
68
84
218
44
-38
216
-293
50
272
-486
-258
-128
-149
603
417
-130
103
-73
-140
-163
-515
442
329
-354
136
177
-22
-132
206
562
-213
280
-283
-13
129
-118
125
-98
-157
503
-746
-336
-3
-373
522
52
52
-95
107
-5
634
7
16
81
44
322
33
195
174
-33
126
61
-475
-512
-306
49
421
185
372
258
7
8
-58
-211
-285
-137
-239
127
83
-319
90
-536
-553
-100
-386
382
489
-381
237
419
-205
226
11
-73
332
14
215
115
-309
321
169
604
314
-385
-253
-259
-6
28
-382
-214
-233
-705
-293
32
-683
-895
-376
-288
89
397
-26
637
59
-258
748
-314
398
401
-284
384
-400
84
-45
-697
87
-308
-197
208
-182
771
-106
-69
589
-369
379
368
-144
729
-149
-77
400
363
222
638
398
223
416
201
-113
64
-42
563
172
790
600
381
-101
53
25
331
260
-25
238
50
-230
153
212
-199
-56
-414
588
387
53
425
-126
-465
-97
-552
50
-475
-944
488
-284
-139
468
-703
-155
126
-46
494
-75
126
471
-372
-26
118
-57
149
189
238
117
390
578
4
558
-32
-237
510
-80
462
311
-362
-376
-92
-287
-11
-603
-6
40
-159
-237
131
48
-1149
-189
33
-225
-36
175
7
-99
-92
484
295
38
-20
283
164
-140
594
127
-671
-148
-420
269
-307
-281
-353
-118
-17
-53
-89
-88
-150
-437
-405
287
-328
-524
430
-18
-271
172
122
477
-124
-69
237
-326
-386
494
-187
192
-113
-271
81
-137
44
-114
-324
-522
-509
-195
-280
-20
244
49
-25
534
185
525
554
637
621
369
24
623
797
299
1101
680
-9
360
-66
437
201
348
530
49
-249
162
43
92
-59
-705
64
-59
-838
231
-690
-606
-327
-377
-497
69
-519
-494
18
-275
-453
-112
410
-10
-356
345
40
209
252
620
-141
202
372
73
668
205
-216
390
377
2
366
-25
-425
-119
47
-326
-500
-21
-250
-518
257
-277
-794
-201
-459
-156
119
-70
239
-410
-523
-1
-338
252
194
357
-292
-254
659
72
448
372
-229
235
64
-100
89
-729
-96
184
-385
507
883
-175
-365
185
32
184
579
432
403
-584
-22
388
314
409
320
312
310
-108
258
271
-357
-72
-341
241
388
391
550
-46
482
217
331
123
45
-104
-166
152
654
450
-495
201
338
-166
120
302
60
223
-402
111
175
-949
287
240
160
290
-158
-114
114
66
101
594
353
494
317
61
145
504
253
381
202
62
59
468
827
199
-539
-8
99
231
896
659
101
397
383
261
640
158
351
766
359
696
60
-751
-225
72
-157
471
-154
-35
-281
455
255
91
-14
-467
-324
287
-24
399
448
-294
572
84
266
-176
72
494
-164
620
684
-236
-211
291
-601
178
-113
-332
445
-126
-11
235
255
-453
233
-560
-468
134
-575
166
258
-423
-484
-145
-254
-227
-121
-48
185
-358
246
-37
-5
113
60
-222
250
249
272
101
-73
-146
-779
-64
-86
101
396
-195
121
298
-297
236
644
169
458
-13
-117
-87
-169
-409
-21
793
350
-227
339
-63
-493
-85
3
350
-127
-687
-335
-13
-712
-547
-227
98
-519
-278
51
56
-343
-139
-95
356
198
-138
878
244
257
362
-124
441
506
-139
482
283
33
73
354
517
301
171
-266
824
332
108
850
-253
-236
-83
432
651
380
91
281
-226
-39
85
-301
-15
-337
-497
-342
-120
-72
-234
-346
-359
-353
-397
-55
193
-107
-205
74
-15
-849
268
-125
-170
267
-485
-165
-458
-403
120
-820
-607
133
-219
19
345
-342
-30
-734
-247
211
198
159
332
18
-106
175
31
-22
-228
-477
-850
254
468
-224
-48
-72
-359
-83
256
524
733
48
33
-60
-185
-84
355
512
-19
-174
-532
-667
-195
183
211
384
-460
27
588
-356
357
239
-32
390
-26
13
381
-273
-457
425
164
173
-66
-203
-77
344
-35
63
176
-484
-4
333
503
333
82
-967
-189
-132
339
752
-11
451
98
-336
451
176
483
451
-72
13
378
-488
82
230
309
144
-216
-35
-166
-243
406
425
-15
131
200
-200
-34
296
521
159
-77
616
230
-152
-113
222
521
132
-65
537
280
-77
259
-16
-125
-286
160
277
213
-157
-122
-101
-23
-137
-134
-325
-247
-169
-146
212
85
180
-162
-452
-702
-675
-47
56
-227
-189
-291
-265
-150
351
223
-471
475
-185
-68
225
-140
187
86
-170
97
-191
-750
-323
-403
-133
-19
178
156
-49
692
87
242
876
141
507
532
288
493
459
508
605
451
-332
221
609
-99
573
807
48
-552
18
329
278
200
7
68
-699
-451
488
533
-59
134
274
-53
121
179
457
109
-197
496
323
-221
38
21
-7
366
214
393
476
-186
158
591
-148
877
804
100
594
-64
-358
1121
460
428
600
288
24
-64
-391
21
107
94
687
254
290
343
-422
161
401
-682
339
457
-466
300
-594
-302
12
-553
185
536
-525
142
235
-407
75
-304
178
100
117
-154
75
-341
-456
366
-237
-199
-25
-411
27
190
-744
-163
-342
-941
130
241
-960
-384
-342
-675
471
30
-386
653
-192
-171
407
-23
1
134
-386
168
-275
-583
154
-428
-376
163
-530
-610
98
-426
155
-39
-52
84
-535
-496
-47
-128
-1
194
-16
-141
-314
-65
97
33